2848 996
39
81
1
72
97
66
64
8
84
44
25
52
47
46
89
42
88
90
60
72
93
17
77
82
20
70
3
30
13
78
81
67
75
64
71
40
76
7
66
77
26
58
12
35
49
87
56
51
96
42
56
78
42
96
13
37
6
47
78
78
93
78
71
4
53
59
53
12
17
65
23
81
30
19
4
76
63
95
43
45
73
2
52
15
12
35
22
13
82
4
34
39
71
18
33
79
93
90
34
96
46
83
99
20
86
25
60
67
3
9
54
74
1
51
55
23
98
88
32
69
17
69
89
53
74
49
13
6
14
21
85
46
48
73
82
91
7
50
35
21
21
66
78
4
58
5
29
10
66
97
60
29
4
98
34
29
2
16
71
4
48
31
23
62
14
5
76
92
3
87
56
77
9
10
29
23
73
56
59
89
85
69
21
9
13
53
32
15
59
11
36
21
44
53
11
26
27
62
52
79
56
92
22
71
78
80
24
98
24
100
54
64
89
87
12
5
27
4
22
75
88
62
20
81
47
99
53
2
36
59
44
57
47
51
99
50
40
54
45
88
22
99
33
16
13
72
37
56
73
79
51
98
55
52
17
44
20
57
30
33
62
60
30
31
68
2
62
61
40
11
68
37
93
96
23
14
19
24
94
53
2
91
46
4
11
69
67
57
99
90
56
71
77
84
90
84
71
29
93
37
87
64
29
63
92
11
23
43
80
27
30
71
81
47
5
94
39
15
92
85
93
22
92
25
13
79
78
91
72
43
63
46
7
76
80
27
53
52
2
93
61
17
9
45
49
12
22
86
49
34
87
42
25
90
6
94
73
80
84
96
16
20
55
75
5
82
73
47
77
81
80
43
23
42
25
43
74
13
15
42
51
82
83
88
27
8
32
23
38
42
78
1
34
54
44
71
14
17
49
39
23
40
73
94
38
39
76
23
59
79
96
78
59
59
38
6
86
99
18
98
47
26
64
61
43
100
70
85
66
8
81
55
38
53
89
49
16
60
77
93
11
26
73
41
2
63
48
26
80
5
66
82
22
84
73
12
73
14
58
81
63
86
4
31
48
96
14
81
75
79
21
17
84
74
43
58
24
62
51
61
86
35
16
52
17
66
80
52
68
13
49
81
51
34
95
46
17
2
81
70
36
89
38
17
25
12
17
74
32
20
81
30
70
83
52
92
97
42
20
35
98
19
6
41
20
99
98
27
59
13
59
95
50
48
36
8
9
30
33
21
59
31
27
50
20
5
86
89
60
13
56
94
99
34
85
41
87
61
34
20
83
30
53
62
50
2
57
88
93
46
56
74
34
80
83
44
76
13
63
6
76
97
87
97
37
88
24
13
39
41
84
45
55
38
23
2
24
93
44
48
88
69
77
26
90
6
55
47
29
22
23
51
2
66
5
94
83
46
84
19
25
62
3
42
41
41
92
56
73
63
80
73
30
34
18
43
34
9
8
70
61
11
11
60
70
20
42
18
39
50
51
23
85
21
65
39
92
23
89
83
59
3
65
63
99
38
35
88
92
91
97
12
47
35
63
32
29
23
81
11
69
89
90
59
36
70
2
4
8
42
82
67
29
60
95
54
93
68
42
81
5
42
30
77
26
12
46
85
85
94
84
61
48
84
40
26
35
74
39
32
68
70
32
52
84
13
2
77
32
95
57
70
29
81
55
68
63
31
11
82
57
36
6
11
57
45
36
22
51
41
12
49
1
70
25
50
17
45
58
48
71
83
25
95
35
79
19
72
100
27
43
73
90
86
77
43
61
86
22
93
82
87
89
85
27
56
66
86
21
30
90
27
99
93
84
91
77
65
61
66
90
39
89
40
79
76
94
83
33
2
43
92
53
58
60
8
46
43
46
15
9
49
91
31
1
82
69
46
59
4
29
92
22
42
71
28
32
81
13
62
18
72
61
59
27
50
42
35
71
66
45
67
46
82
55
61
12
24
41
26
15
14
44
84
87
6
77
34
24
74
1
13
5
44
42
90
44
35
69
13
68
5
92
44
91
80
53
80
8
81
9
41
97
8
66
23
56
13
25
51
8
93
76
45
23
88
71
55
18
34
1
17
19
23
58
73
60
12
81
28
39
52
17
63
17
14
10
52
73
53
79
13
29
71
54
4
57
60
12
38
92
94
70
56
74
36
72
72
83
56
86
14
8
92
62
37
82
53
17
31
17
7
80
94
91
78
72
48
24
13
89
82
7
41
77
47
49
63
52
16
58
87
43
93
40
11
41
25
22
11
52
39
87
97
79
56
